294 1 0 0 9.9460 0.5000
294 1 0 0 9.9320 0.5000
294 1 0 0 9.9320 0.5000
294 1 0 0 9.9600 0.5000
294 1 0 0 9.9710 0.5000
288 1 0 0 18.6500 0.3348
288 0 1 0 7.2830 0.0000
288 1 0 0 10.8890 0.5000
288 1 0 0 14.8920 0.4192
288 1 0 0 14.4770 0.4312
282 0 1 0 12.9260 0.0000
282 0 1 0 7.9000 0.0000
282 0 1 0 6.9810 0.0000
282 0 1 0 13.5400 0.0000
282 0 1 0 21.4980 0.0000
276 0 1 0 6.7760 0.0000
276 1 0 0 10.3390 0.5000
276 1 0 0 10.3660 0.5000
276 1 0 0 10.3360 0.5000
276 1 0 0 10.3500 0.5000
270 1 0 0 9.7570 0.5000
270 0 1 0 5.5980 0.0000
270 1 0 0 9.2850 0.5000
270 1 0 0 9.3060 0.5000
270 1 0 0 9.7440 0.5000
264 1 0 0 9.3760 0.5000
264 1 0 0 9.2870 0.5000
264 1 0 0 9.2900 0.5000
264 1 0 0 9.3470 0.5000
264 1 0 0 9.3730 0.5000
258 1 0 0 8.9630 0.5000
258 1 0 0 8.9890 0.5000
258 1 0 0 8.9560 0.5000
258 1 0 0 8.9350 0.5000
258 1 0 0 8.9470 0.5000
252 1 0 0 8.9980 0.5000
252 1 0 0 9.1010 0.5000
252 1 0 0 9.0290 0.5000
252 1 0 0 8.9230 0.5000
252 1 0 0 9.0050 0.5000
246 1 0 0 9.1170 0.5000
246 1 0 0 9.1750 0.5000
246 1 0 0 9.0880 0.5000
246 1 0 0 9.0960 0.5000
246 1 0 0 9.1140 0.5000
240 1 0 0 9.1000 0.5000
240 1 0 0 9.1420 0.5000
240 1 0 0 9.1580 0.5000
240 1 0 0 9.1920 0.5000
240 1 0 0 9.1280 0.5000
234 1 0 0 9.1540 0.5000
234 1 0 0 9.1520 0.5000
234 1 0 0 9.1580 0.5000
234 1 0 0 9.1230 0.5000
234 1 0 0 9.1480 0.5000
228 1 0 0 9.3780 0.5000
228 1 0 0 9.1410 0.5000
228 1 0 0 9.4180 0.5000
228 1 0 0 9.3930 0.5000
228 1 0 0 9.1840 0.5000
222 1 0 0 9.2680 0.5000
222 1 0 0 9.2100 0.5000
222 1 0 0 9.2480 0.5000
222 1 0 0 9.2570 0.5000
222 1 0 0 9.2590 0.5000
216 1 0 0 9.0360 0.5000
216 1 0 0 8.9710 0.5000
